Mean Absolute Percentage ERROR = 0.09561803676508782

Prediction | Actual
5.7370844 | 5.0
5.600975 | 6.0
5.710043 | 4.0
5.935088 | 6.0
6.4283113 | 6.999999999999999
5.061532 | 5.0
6.1904325 | 6.0
5.4956417 | 6.0
6.660463 | 6.0
6.552801 | 6.0
6.288871 | 6.0
5.7428365 | 5.0
5.930048 | 6.0
6.2182217 | 6.0
5.148511 | 6.999999999999999
5.528389 | 5.0
5.5237546 | 5.0
6.52548 | 6.0
5.130089 | 5.0
6.0728703 | 6.0
5.4312882 | 6.0
5.0781975 | 6.0
6.4714766 | 6.999999999999999
5.6235166 | 6.0
6.437226 | 6.0
6.650339 | 8.0
4.9240494 | 5.0
5.0048375 | 6.0
5.2867937 | 5.0
6.439114 | 6.0
5.7394905 | 8.0
6.6542373 | 6.0
5.547559 | 5.0
6.376319 | 8.0
4.4759355 | 4.0
5.5706215 | 6.0
5.951932 | 5.0
5.166042 | 6.0
6.016544 | 6.0
4.946349 | 5.0
6.223822 | 8.0
6.4905853 | 6.999999999999999
5.561524 | 6.0
6.080352 | 6.0
6.1807466 | 5.0
5.4942045 | 5.0
5.3704414 | 8.0
5.2079844 | 5.0
5.9450064 | 6.0
5.815763 | 6.0
5.324915 | 6.0
6.252677 | 6.0
5.4710445 | 5.0
5.0870595 | 4.0
5.40383 | 5.0
5.444209 | 3.0
6.019777 | 6.0
5.723892 | 6.0
5.051438 | 5.0
6.0955224 | 6.0
6.2496643 | 6.999999999999999
6.02438 | 6.0
5.7826424 | 6.0
5.4298267 | 6.0
5.7208133 | 5.0
5.9377728 | 6.0
5.6884747 | 4.0
6.4225254 | 6.0
5.782236 | 6.0
5.3762593 | 6.0
5.8814664 | 6.0
6.7552986 | 6.999999999999999
6.95942 | 6.999999999999999
6.6644764 | 6.999999999999999
6.7814436 | 6.999999999999999
6.633748 | 6.999999999999999
5.7970376 | 6.0
6.580672 | 6.999999999999999
6.4811707 | 8.0
6.494548 | 6.0
6.79583 | 6.999999999999999
5.45744 | 5.0
5.354084 | 5.0
5.772542 | 6.0
6.4061766 | 6.0
5.587946 | 5.0
5.858896 | 4.0
6.5802135 | 6.999999999999999
5.9981318 | 5.0
5.48705 | 5.0
6.7274942 | 6.0
6.2624483 | 6.0
4.9229107 | 5.0
5.081643 | 5.0
6.1819825 | 6.0
6.3137026 | 8.0
5.3241262 | 6.0
5.771129 | 6.0
5.7327185 | 6.0
5.2331257 | 5.0
5.6428747 | 6.999999999999999
5.5528092 | 5.0
5.263447 | 5.0
6.169305 | 6.999999999999999
5.6320286 | 5.0
5.5759764 | 6.0
5.8447337 | 5.0
5.6009197 | 5.0
5.844034 | 6.0
5.7687373 | 6.0
5.3694634 | 5.0
5.688049 | 6.0
4.982888 | 6.0
5.329153 | 6.0
6.0712967 | 6.0
5.240127 | 6.0
6.5693593 | 6.999999999999999
5.1496396 | 6.0
5.7460146 | 5.0
5.5364556 | 6.0
5.6832685 | 5.0
6.103459 | 6.0
6.178752 | 6.0
5.8592005 | 5.0
5.7764044 | 6.999999999999999
5.5643024 | 5.0
5.9363885 | 6.999999999999999
6.3635216 | 6.999999999999999
5.1175194 | 4.0
5.4998503 | 6.999999999999999
5.37931 | 6.0
5.761351 | 5.0
6.6073565 | 6.999999999999999
6.6537743 | 8.0
4.7037735 | 4.0
5.621954 | 5.0
5.071395 | 5.0
6.0510035 | 6.0
6.251903 | 6.0
5.9541397 | 6.999999999999999
4.9906387 | 5.0
5.418164 | 5.0
5.229382 | 5.0
5.4189787 | 4.0
6.0961633 | 6.0
5.4717946 | 6.0
5.810478 | 5.0
6.738772 | 6.999999999999999
5.073341 | 5.0
6.3168654 | 6.0
6.297874 | 6.999999999999999
6.080492 | 5.0
5.835441 | 6.0
5.1629453 | 5.0
6.932389 | 8.0
5.6821966 | 4.0
5.061434 | 5.0
4.828781 | 5.0
5.5734606 | 5.0
6.8221607 | 6.0
6.1772833 | 5.0
5.3615956 | 5.0
6.2146497 | 6.999999999999999
4.889782 | 5.0
5.2971916 | 5.0
5.5878906 | 6.0
6.337615 | 6.999999999999999
6.553562 | 6.999999999999999
5.592079 | 6.0
5.83246 | 6.0
6.279458 | 6.999999999999999
5.228813 | 6.0
5.247547 | 5.0
4.946349 | 5.0
6.628465 | 6.999999999999999
5.0829287 | 5.0
6.2793465 | 6.0
4.8018026 | 5.0
5.2782707 | 5.0
5.3500195 | 5.0
5.960191 | 6.0
5.8463316 | 6.0
6.1449165 | 8.0
6.011595 | 6.0
6.03728 | 6.0
5.6511602 | 6.0
5.1305 | 5.0
5.5222797 | 5.0
6.4994903 | 6.999999999999999
5.528458 | 5.0
6.8570185 | 6.999999999999999
5.8776126 | 5.0
5.4909153 | 6.0
6.3297944 | 6.0
4.667085 | 5.0
5.5052156 | 5.0
5.450567 | 5.0
5.275734 | 5.0
6.2931147 | 6.0
6.603284 | 6.0
6.1564436 | 6.999999999999999
5.381734 | 6.0
5.1826687 | 6.0
5.85213 | 6.0
5.5478415 | 6.0
5.136893 | 5.0
6.729124 | 6.0
6.592372 | 6.0
5.387554 | 5.0
5.653173 | 6.0
5.5796413 | 6.0
6.2504463 | 6.999999999999999
5.4575844 | 5.0
6.415864 | 6.999999999999999
5.392989 | 6.0
6.360522 | 6.0
5.9903145 | 6.0
5.475091 | 5.0
6.601958 | 8.0
6.244014 | 6.999999999999999
5.253828 | 5.0
5.751877 | 6.0
5.5301337 | 5.0
5.8814664 | 6.0
6.276179 | 6.0
6.8122973 | 8.0
6.543847 | 6.999999999999999
6.4635615 | 6.0
5.542162 | 6.0
5.0949807 | 4.0
6.74944 | 6.0
5.287958 | 6.0
5.16233 | 5.0
5.298113 | 5.0
5.7879024 | 5.0
6.45352 | 6.0
5.363569 | 6.0
5.8629 | 5.0
6.260339 | 6.0
4.1115866 | 3.0
5.8591475 | 6.0
6.5502934 | 6.999999999999999
6.2409077 | 6.0
5.303705 | 6.999999999999999
6.5664883 | 6.999999999999999
5.710028 | 5.0
5.0808635 | 6.0
6.6508384 | 6.999999999999999
6.7276797 | 6.0
5.418476 | 6.0
6.2468176 | 6.0
5.617403 | 5.0
5.45664 | 6.0
5.8099813 | 5.0
6.887621 | 6.999999999999999
5.306613 | 5.0
5.0230927 | 5.0
5.826941 | 6.999999999999999
5.714998 | 5.0
6.3462524 | 5.0
5.6796527 | 5.0
5.4632277 | 6.0
6.3199267 | 6.999999999999999
6.5518026 | 6.0
5.223694 | 5.0
6.628253 | 6.0
6.4309344 | 6.0
6.6094823 | 6.999999999999999
6.3390155 | 6.0
5.1215267 | 5.0
6.1359544 | 6.999999999999999
5.582856 | 5.0
6.243709 | 6.999999999999999
5.8282185 | 6.0
6.267746 | 8.0
6.394964 | 5.0
5.514263 | 5.0
5.6287637 | 6.999999999999999
5.3571215 | 6.0
6.466364 | 6.0
6.228713 | 6.0
6.2539473 | 6.999999999999999
5.524972 | 6.999999999999999
6.3132834 | 6.999999999999999
5.45537 | 5.0
5.280184 | 5.0
5.785761 | 5.0
6.11551 | 6.0
5.4193554 | 4.0
5.427056 | 5.0
5.629607 | 6.999999999999999
6.25893 | 6.999999999999999
4.9932127 | 5.0
5.5501866 | 5.0
4.8898983 | 5.0
5.123699 | 5.0
6.576682 | 6.0
5.3097796 | 6.0
5.9563026 | 6.0
5.5788336 | 6.0
6.025874 | 6.999999999999999
6.6962857 | 6.999999999999999
5.3005652 | 6.0
6.0124397 | 6.0
5.9585743 | 6.0
4.6644015 | 5.0
5.413975 | 5.0
6.203478 | 6.0
5.944599 | 6.0
5.306905 | 5.0
6.7396154 | 6.999999999999999
5.2898235 | 6.0
5.2818933 | 6.0
6.488777 | 6.999999999999999
5.137949 | 5.0
6.8619356 | 6.0
5.3500195 | 5.0
5.8558865 | 5.0
5.1691427 | 5.0
5.3048563 | 5.0
6.7968535 | 6.999999999999999
6.3800883 | 6.0
5.7625475 | 6.999999999999999
6.561048 | 6.999999999999999
6.075797 | 6.0
5.942463 | 6.0
6.6934843 | 6.0
5.389676 | 5.0
6.314377 | 6.999999999999999
6.5132475 | 6.999999999999999
6.0085874 | 6.0
6.2950344 | 6.0
5.7251806 | 6.0
6.314774 | 8.0
6.6606016 | 6.999999999999999
6.179185 | 6.999999999999999
6.0335984 | 6.0
6.010599 | 6.0
6.1867604 | 6.0
6.13696 | 6.999999999999999
6.272494 | 6.0
6.74055 | 6.999999999999999
6.104432 | 6.0
5.180608 | 6.0
5.0051937 | 4.0
5.181649 | 5.0
6.0945644 | 6.999999999999999
5.8910136 | 5.0
5.424818 | 5.0
5.4187474 | 5.0
5.283836 | 5.0
5.490136 | 5.0
6.759384 | 6.999999999999999
5.4273705 | 6.0
5.912897 | 6.0
5.125951 | 6.0
6.4044704 | 6.999999999999999
5.630875 | 5.0
6.332033 | 6.0
5.8939705 | 6.0
5.3459578 | 6.0
6.1185207 | 6.0
5.3607836 | 5.0
5.5408306 | 6.0
5.377613 | 5.0
5.8593802 | 5.0
5.211863 | 5.0
5.1305513 | 5.0
5.520849 | 5.0
5.870417 | 6.0
4.9372807 | 4.0
5.2990313 | 5.0
5.3664474 | 5.0
5.3845634 | 5.0
5.3295727 | 6.999999999999999
5.6092114 | 6.0
6.243892 | 6.0
5.863675 | 6.999999999999999
5.4998503 | 6.999999999999999
5.5035653 | 6.0
6.0486817 | 5.0
5.4963894 | 5.0
5.3367243 | 6.0
5.2342215 | 6.0
5.836923 | 4.0
6.2801414 | 6.0
5.187874 | 6.0
5.3957677 | 5.0
5.2494206 | 5.0
6.0217767 | 6.0
6.1633215 | 5.0
5.2951903 | 5.0
5.69261 | 5.0
5.9354944 | 6.999999999999999
5.507062 | 6.0
5.969693 | 6.0
5.666394 | 5.0
5.853874 | 6.0
5.5258884 | 6.0
6.414173 | 6.0
5.5621305 | 6.0
5.2711477 | 5.0
5.6635 | 5.0
6.0203676 | 5.0
5.8160067 | 5.0
6.3757715 | 6.0
5.5469093 | 5.0
5.7905655 | 6.0
5.497687 | 5.0
5.384824 | 5.0
5.2879066 | 5.0
5.3346996 | 5.0
5.896354 | 6.0
5.3271456 | 5.0
5.3542366 | 5.0
5.8057604 | 5.0
6.4270496 | 5.0
5.4112344 | 5.0
6.685873 | 8.0
4.7992544 | 5.0
6.324177 | 6.999999999999999
5.7290177 | 6.0
4.417655 | 5.0
5.5234747 | 5.0
5.5992727 | 5.0
5.60738 | 5.0
6.5617914 | 8.0
5.633135 | 5.0
6.436702 | 6.0
6.5112576 | 6.0
6.1169715 | 6.0
5.7058764 | 5.0
6.3070993 | 6.0
5.86034 | 6.0
5.3704414 | 8.0
5.756728 | 6.0
6.437226 | 6.0
6.517622 | 6.0
5.217009 | 5.0
5.655899 | 6.999999999999999
6.320632 | 6.0
5.873814 | 6.0
5.510049 | 5.0
6.149853 | 6.0
5.086606 | 5.0
6.0475454 | 6.0
5.509865 | 6.0
6.5759544 | 6.0
5.1353645 | 4.0
4.791938 | 5.0
6.2591844 | 6.0
5.5881243 | 5.0
6.0498247 | 6.0
6.3158026 | 6.999999999999999
6.0027566 | 6.0
6.021017 | 6.0
5.479633 | 5.0
6.4938884 | 6.999999999999999
6.1078005 | 6.999999999999999
5.644545 | 5.0
6.8006563 | 8.0
5.9311 | 6.0
6.218798 | 8.0
6.5921445 | 6.0
5.2600956 | 5.0
5.1818094 | 5.0
5.6294794 | 6.0
4.859383 | 5.0
5.7880435 | 5.0
6.4759154 | 6.0
5.6133456 | 5.0
3.8582273 | 5.0
5.382066 | 6.0
5.562384 | 6.0
6.5364604 | 6.999999999999999
6.1734715 | 6.0
5.174345 | 5.0
6.4115653 | 5.0
5.798156 | 6.0
6.193694 | 6.0
5.5067816 | 6.0
5.717428 | 5.0
5.268987 | 5.0
5.2782707 | 5.0
6.308823 | 8.0
6.2653685 | 6.0
6.1673965 | 6.0
5.529837 | 6.0
6.568783 | 6.0
5.1492023 | 5.0
6.5636683 | 8.0
5.274532 | 6.0
6.563706 | 8.0
6.1452756 | 6.0
5.25381 | 6.0
4.5215664 | 4.0
5.2175593 | 5.0
5.4282837 | 6.999999999999999
6.245161 | 6.999999999999999
5.9376445 | 6.0
5.563321 | 6.0
6.469248 | 6.0
5.0868654 | 6.999999999999999
5.4138665 | 6.0
5.704397 | 6.999999999999999
5.6578875 | 6.999999999999999
6.017373 | 6.999999999999999
5.617545 | 5.0
5.8299685 | 5.0
6.537595 | 6.0
6.567362 | 6.999999999999999
6.2955093 | 6.0
6.2692966 | 6.0
6.340971 | 6.999999999999999
5.874946 | 5.0
6.980197 | 6.999999999999999
5.226504 | 5.0
6.0132723 | 6.999999999999999
5.329369 | 5.0
5.514741 | 6.0
5.4683485 | 6.0
6.26534 | 6.0
5.9222145 | 6.0
6.600025 | 6.999999999999999
6.5072665 | 6.0
5.936387 | 6.999999999999999
5.52162 | 4.0
5.67002 | 6.0
6.0329633 | 6.0
5.232567 | 5.0
5.264251 | 5.0
5.298113 | 5.0
5.3772106 | 5.0
5.715699 | 6.0
6.321955 | 6.0
5.4504476 | 6.0
6.4741373 | 6.999999999999999
5.4833326 | 4.0
5.4834623 | 6.0
5.7776413 | 6.0
5.4273705 | 6.0
5.6617823 | 6.0
6.551884 | 6.0
5.479633 | 5.0
5.5222797 | 5.0
6.055601 | 5.0
5.4567113 | 5.0
6.3177376 | 8.0
6.167265 | 6.0
6.6850176 | 6.0
4.9269867 | 5.0
6.3260536 | 6.999999999999999
5.8974075 | 6.0
6.4204617 | 6.0
5.1266255 | 5.0
6.7593584 | 6.999999999999999
6.5832295 | 6.999999999999999
6.355568 | 6.999999999999999
5.9730644 | 6.0
6.7086487 | 6.999999999999999
5.711487 | 5.0
6.1168656 | 6.0
5.68193 | 3.0
6.016305 | 6.0
6.3474298 | 6.0
5.1496396 | 6.0
5.8487735 | 6.0
6.6243525 | 6.0
5.303647 | 5.0
5.5523314 | 6.0
5.291233 | 5.0
5.956127 | 6.0
5.76847 | 6.0
6.0275917 | 6.0
5.378003 | 5.0
5.043095 | 5.0
5.686967 | 5.0
5.704944 | 5.0
5.580203 | 6.0
5.6882324 | 6.0
5.6956916 | 5.0
5.927456 | 6.999999999999999
6.908614 | 6.999999999999999
5.748456 | 5.0
6.416977 | 6.999999999999999
6.2950344 | 6.0
5.8099813 | 5.0
6.674024 | 6.999999999999999
5.561248 | 6.999999999999999
5.170888 | 5.0
6.2732406 | 6.0
5.8346047 | 6.0
4.5080495 | 4.0
6.385739 | 6.999999999999999
6.3360653 | 5.0
6.1518917 | 6.0
6.7762656 | 8.0
4.958737 | 4.0
6.0259867 | 6.0
5.8628073 | 5.0
5.896518 | 6.0
5.348032 | 6.0
5.2851853 | 6.0
5.072286 | 4.0
6.002572 | 6.0
6.419177 | 8.0
5.557805 | 6.0
4.8499928 | 4.0
6.4029794 | 6.0
5.0672064 | 5.0
5.5761976 | 5.0
6.3686814 | 6.0
5.6287637 | 6.999999999999999
6.311933 | 6.0
5.927566 | 6.0
5.918052 | 5.0
5.2225013 | 5.0
5.3619947 | 6.0
5.365573 | 6.0
6.388583 | 6.999999999999999
6.2973156 | 6.0
5.9737744 | 6.0
4.7814703 | 4.0
6.5837173 | 6.999999999999999
5.2205343 | 5.0
5.750169 | 5.0
5.8501225 | 5.0
5.8689327 | 6.0
5.041711 | 5.0
6.236508 | 6.999999999999999
6.2671337 | 5.0
6.2904224 | 6.0
6.1596336 | 6.0
6.2919745 | 6.0
5.375024 | 6.0
6.6807904 | 6.999999999999999
6.1805305 | 6.0
6.171863 | 5.0
6.3731155 | 6.999999999999999
5.799658 | 6.0
6.0319176 | 6.0
5.912383 | 6.0
6.1863112 | 6.999999999999999
5.102804 | 5.0
5.515232 | 6.0
5.2269716 | 6.0
5.4882507 | 5.0
